2
-16
6
-4
-16
-14
-7
-2
-14
3
9
-14
7
-11
12
-10
-21
-6
5
-7
4
-21
-5
10
-9
-10
-1
8
3
3
-6
-5
-13
-4
-1
1
8
-2
-13
0
4
1
-18
-7
-6
6
-6
-6
-9
7
2
-9
1
5
-3
16
3
-7
15
-3
-5
8
12
-9
16
-15
-3
-8
3
-3
-4
2
-4
-9
11
-6
8
-15
-4
-4
-2
5
1
3
2
-8
15
0
-6
10
-17
2
-4
1
9
8
6
-22
-1
2
7
15
-9
-7
-3
-4
11
-3
5
3
-17
-11
10
-2
-18
6
-1
0
6
19
-6
17
4
-33
-26
-6
11
5
11
-14
7
6
4
-14
-4
-6
-3
-10
2
14
2
-17
12
2
-20
7
16
14
-5
17
6
2
-3
-8
-1
4
-2
-23
9
12
1
-3
6
0
3
-4
4
11
0
8
12
7
3
7
-13
-10
-14
2
2
2
1
-1
9
9
-9
-1
-3
3
11
9
-9
5
11
11
-1
0
8
-2
6
20
